1442
3223
3561
3722
3842
4250
4323
4694
4851
5577
6188
6724
6870
6939
7203
7349
7489
7506
7595
7598
7850
7979
8075
8100
8455
8477
8556
8560
8972
9009
9166
9290
9370
9412
9667
9823
9925
10200
10207
10297
10439
10532
10929
11230
11235
11274
11588
11831
11878
12586
12617
12876
12989
13209
13213
13647
13739
13909
13926
13955
14061
14120
14127
14160
14244
14384
14415
14442
14567
14576
14618
14708
14986
14987
14992
15003
15083
15169
15189
15395
15497
15510
15626
15734
15919
16125
16262
16276
16284
16397
16509
16535
16628
16862
16973
17019
17216
17439
17669
17881
17918
17920
17971
18120
18450
18570
18779
18978
19084
19133
19234
19318
19437
19531
19624
19844
19871
19969
20021
20068
20248
20264
20401
20448
20450
20454
20473
20598
20692
20738
20773
20836
20860
21100
21159
21217
21321
21859
22152
22363
22552
22611
22720
22781
22903
23033
23052
23108
23273
23342
23352
23535
23881
24220
24381
24482
24549
24558
24611
24679
24725
24768
24875
24931
24940
24958
24961
24971
24997
25048
25128
25163
25260
25369
25379
25532
25642
25780
25820
25926
26277
26481
26484
26978
27175
27223
27229
27257
27357
27589
27597
27640
28099
28216
28333
28747
28753
28855
28997
29066
29067
29073
29097
29119
29140
29182
29302
29311
29331
29354
29452
29465
29550
29691
29713
29748
29802
29838
29854
29869
29883
30083
30152
30176
30235
30475
30633
30693
30849
30900
30998
31103
31240
31472
31590
31659
31698
31981
32097
32181
32244
32275
32306
32338
32400
32475
32489
32613
32647
32740
32780
32911
33070
33083
33182
33251
33260
33302
33322
33330
33387
33438
33480
33552
33569
33724
33785
33891
34305
34432
34541
34649
34745
34971
34989
35017
35278
35295
35366
35415
35467
35470
35662
35908
35914
35916
35974
36024
36114
36236
36290
36351
36352
36408
36536
36666
36791
36873
36887
36920
36970
37018
37088
37153
37170
37209
37230
37248
37269
37280
37308
37347
37377
37472
37506
37521
37540
37643
37661
37692
37714
38001
38107
38279
38894
39020
39326
39351
39392
39451
39458
39572
39704
39756
39839
40156
40244
40281
40374
40438
40539
40676
40715
40728
40819
40824
40861
41062
41079
41369
41427
41562
41653
41665
42120
42160
42210
42244
42311
42331
42399
42400
42418
42442
42465
42473
42612
42622
42695
42699
42705
42708
42730
42776
42831
43021
43146
43198
43289
43317
43350
43472
43541
43620
44050
44066
44398
44901
45102
45152
45179
45187
45201
45470
45481
45486
45577
45671
45693
45815
45887
46177
46260
46261
46430
46433
46475
46562
46664
46805
46816
46844
46873
46945
47143
47161
47172
47205
47328
47385
47447
47549
47577
47583
47588
47625
48031
48093
48446
48812
48825
48896
49313
49349
49453
49485
49505
49532
49544
49693
49815
49834
49949
49981
50297
50465
50608
50613
50655
50673
50872
50915
50926
50968
50986
51050
51109
51159
51167
51191
51241
51248
51290
51294
51395
51430
51447
51698
51731
51765
51852
52048
52173
52219
52236
52270
52321
52335
52347
52465
52674
52925
53013
53055
53057
53101
53221
53225
53281
53332
53340
53342
53370
53559
53589
53597
53667
53755
53850
53889
53914
53918
54104
54203
54290
54334
54455
54489
54500
54527
54540
54555
54641
54817
54825
54839
55051
55225
55229
55286
55293
55536
55720
55761
55799
55933
55967
56106
56110
56322
56617
56630
56732
56784
56799
56934
57043
57169
57230
57286
57345
57363
57669
57682
57752
57773
57858
57879
58073
58113
58305
58667
58797
58922
58936
59135
59253
59349
59432
59504
59554
59615
59632
59677
59705
59729
59764
59791
59795
59816
59854
60011
60068
60117
60118
60404
60476
60485
60505
60558
60567
60739
60781
60800
61102
61107
61147
61157
61280
61317
61412
61440
62026
62049
62071
62082
62088
62217
62240
62282
62310
62370
62471
62540
62563
62567
62605
62651
62756
62838
62899
63008
63018
63119
63128
63129
63199
63213
63473
63916
63949
64245
64484
132070
132071
132225
132425
132509
132717
132779
132816
132869
133120
133143
133229
133296
133393
133480
133752
134451
135822
136258
196645
196678
196745
196827
197155
197328
197372
197395
197439
197648
197902
197914
198047
198153
198171
198310
198313
198347
198375
198414
198432
198651
198968
199129
199213
199481
199653
199733
199847
199883
199990
199997
200000
200019
200039
200147
200532
200904
201011
201200
201449
201525
201553
201597
201630
201634
201670
201702
201709
201862
201983
202023
202053
202118
202836
203523
203629
204196
206898
212238
262170
262287
262603
262978
262990
263032
263093
263237
327705
327784
327813
327942
328035
393326
394256
394330
394380
395089
395111
395978
398779
